1951    0.09    0.70   -2.04    0.01   -2.00    0.69   -0.65    1.52    1.65   -2.37    2.69    2.52            0.23            0.32   -1.34    0.52    0.66
1952    1.38   -0.71   -5.58    1.63   -2.36   -1.09   -0.51    0.59   -1.82   -1.54   -1.55   -1.14           -1.06            1.06   -2.10   -0.34   -1.64
1953   -0.48   -1.23   -0.03    0.51   -0.83    1.78    0.87   -1.27    0.17    1.19   -0.29   -0.01            0.03           -0.95   -0.12    0.46    0.36
1954   -5.56   -8.03   -0.31   -3.50   -0.33    1.91   -2.08   -0.68    1.14    0.01   -0.88    2.82           -1.29           -4.53   -1.38   -0.28    0.09
1955   -1.43   -2.22   -3.63   -3.59   -2.82   -1.20   -0.13    0.49    1.08   -0.25   -0.03    1.29           -1.04           -0.28   -3.35   -0.28    0.27
1956    0.35  -10.63   -3.27   -2.87   -1.10    0.03   -1.24   -2.65   -0.45   -0.51   -3.73    0.24           -2.15           -3.00   -2.41   -1.29   -1.56
1957    0.66    3.31    0.03   -0.68   -3.15    1.05    0.08   -1.84   -1.53    0.14    1.01   -0.59           -0.13            1.40   -1.27   -0.24   -0.13
1958   -0.85    0.80   -4.88   -3.83    0.92   -1.33   -0.38   -0.85   -0.11    1.02    0.59    1.58           -0.61           -0.21   -2.60   -0.85    0.50
1959    0.67   -1.09    1.88    0.30   -0.91    0.09    1.79    0.28   -1.52   -1.05   -0.69    0.06           -0.02            0.39    0.42    0.72   -1.09
1960   -1.06   -2.51   -1.07   -1.94   -0.94    0.38   -1.79   -1.15   -0.94    0.46    1.71    2.93           -0.49           -1.17   -1.32   -0.85    0.41
1961   -1.55    2.60    2.48    1.66   -2.25    1.40   -2.39   -1.71    1.13    2.13    0.51   -3.01            0.08            1.33    0.63   -0.90    1.26
1962    1.64   -1.21   -4.23    1.48   -2.97   -1.93   -2.84   -1.32   -1.05   -0.50    0.59   -3.92           -1.35           -0.86   -1.91   -2.03   -0.32
1963   -9.37   -6.80   -3.70   -0.36    0.80    0.41    0.86    0.63    1.37   -0.22    3.34   -3.81           -1.40           -6.70   -1.09    0.63    1.50
1964   -2.15   -3.11   -5.17   -0.65   -0.68    2.78   -0.18   -1.90   -0.04   -0.97    0.43    0.16           -0.96           -3.02   -2.17    0.23   -0.19
1965    0.71   -4.23   -2.21   -1.94   -3.47   -0.27   -2.42   -2.46    1.10   -1.08   -4.03    0.92           -1.61           -1.12   -2.54   -1.72   -1.34
1966   -3.29    0.90   -0.12   -0.02   -0.36    0.92   -0.64   -1.14   -0.77    2.59   -0.63    0.44           -0.18           -0.49   -0.17   -0.29    0.40
1967   -2.20    1.28    2.14   -0.97    0.10   -0.33    0.57   -0.78    2.36    2.64    0.66   -0.83            0.39           -0.16    0.42   -0.18    1.89
1968   -1.94    0.29    0.42    0.83   -1.84    1.58   -1.74   -0.51    0.39   -0.07    0.66   -3.14           -0.42           -0.83   -0.20   -0.22    0.33
1969   -3.83   -2.93   -4.37   -1.78    0.58   -0.07   -0.01   -1.26    0.29   -0.07    1.92   -7.25           -1.56           -3.30   -1.86   -0.45    0.71
1970   -4.02   -4.11   -2.52   -1.71   -1.62    0.49   -1.42   -0.98   -1.11   -0.80    1.29    0.99           -1.29           -5.13   -1.95   -0.64   -0.21
1971   -1.43    1.05   -2.94   -0.71    1.24   -1.05   -0.56    0.93   -2.10   -0.23   -0.89    3.43           -0.27            0.20   -0.80   -0.23   -1.07
1972   -4.56    0.90    1.00   -0.66   -0.74    0.23    1.19   -1.22   -1.87   -2.50    0.95    0.39           -0.57           -0.08   -0.13    0.07   -1.14
1973   -0.25    2.11    0.85   -1.86   -1.02   -0.32   -0.77   -0.74   -0.25   -2.03   -1.65   -0.43           -0.53            0.75   -0.68   -0.61   -1.31
1974    1.39    3.05    1.48   -1.28   -2.60   -2.00   -2.82   -0.11    0.11   -2.22    0.42    3.05           -0.13            1.34   -0.80   -1.64   -0.56
1975    4.48    0.24    1.20   -1.48    0.19   -0.53    0.22    0.44    2.42   -0.59   -1.67    1.23            0.51            2.59   -0.03    0.04    0.05
1976   -0.69   -3.05   -3.79   -1.24   -1.49   -1.11   -0.36   -2.58   -0.70   -1.19    1.30   -0.81           -1.31           -0.84   -2.17   -1.35   -0.20
1977    0.04    1.22    2.24   -2.27   -1.27    0.58   -2.43   -1.81   -2.27    0.53    1.64   -0.06           -0.32            0.15   -0.43   -1.22   -0.03
1978    0.47   -2.61    0.73   -2.09   -1.91   -1.18   -2.62   -2.16   -2.01    0.15    1.37   -2.92           -1.23           -0.73   -1.09   -1.99   -0.16
1979   -4.01   -4.09   -0.56   -1.80    0.49    2.37   -3.68   -1.28    0.06   -2.30   -0.46    2.42           -1.07           -3.67   -0.62   -0.86   -0.90
1980   -4.46   -0.48   -3.06   -2.29   -4.08   -0.97   -2.19   -1.80   -0.64   -0.17   -1.39    0.19           -1.78           -0.84   -3.14   -1.65   -0.73
1981   -1.56   -0.26    1.59   -2.31    0.40    0.45   -1.12   -1.49    0.47    0.08    0.02   -2.91           -0.55           -0.54   -0.11   -0.72    0.19
1982   -2.48   -1.42    0.86   -2.67   -0.25   -0.55   -0.03    0.60    1.86    0.55    1.52    1.69           -0.03           -2.27   -0.69    0.01    1.31
1983    4.76   -1.67    1.29    1.22    1.17    0.10    0.57    0.04    0.85    0.21   -1.08   -0.33            0.59            1.59    1.23    0.24   -0.01
1984    1.65   -0.85   -1.82   -0.14   -0.39   -2.05   -2.91   -0.40   -0.39    1.86   -0.68   -0.65           -0.56            0.16   -0.78   -1.79    0.26
1985   -6.81   -7.30   -0.77   -0.60    0.88   -2.02   -1.39   -0.43   -1.02   -0.20   -2.75    2.49           -1.66           -4.92   -0.16   -1.28   -1.32
1986    0.23   -8.30   -0.83   -0.08    0.94   -0.28   -1.04   -0.96   -2.18   -0.28    1.73    0.30           -0.90           -1.86    0.01   -0.76   -0.24
1987   -9.63   -0.65   -5.51   -1.08   -2.35   -0.83   -0.94   -2.77   -0.19    0.06    0.88    1.16           -1.82           -3.33   -2.98   -1.51    0.25
1988    2.82    1.76   -1.82   -1.13    0.83   -0.18    0.23   -0.77    0.23   -0.62   -3.22    1.36           -0.04            1.91   -0.71   -0.24   -1.20
1989    3.42    4.41    2.70    0.70   -0.11   -0.90   -0.49   -0.48    0.98    1.62   -1.42    1.51            0.99            3.06    1.10   -0.62    0.39
1990    3.39    5.67    3.72   -0.09   -0.13    0.07   -1.81   -0.38   -1.98    0.50    1.31    0.20            0.87            3.52    1.17   -0.71   -0.06
1991    1.75   -3.19    1.66   -0.82   -3.52   -1.33    0.31    0.00    0.89   -0.70    0.57   -0.61           -0.42           -0.41   -0.89   -0.34    0.25
1992    0.91    2.17    0.77   -0.72   -0.27    1.69    1.00    2.77   -0.46   -2.64    0.45   -0.08            0.47            0.82   -0.07    1.82   -0.88
1993    1.77   -0.32   -1.49    0.50    2.30   -1.11   -2.14   -1.64   -1.28   -0.38   -4.95    2.35           -0.53            0.46    0.44   -1.63   -2.20
1994    3.82   -1.78    1.30    0.62   -1.26   -0.63    2.59    0.40    1.28   -1.81    0.68    1.64            0.57            1.46    0.22    0.79    0.05
1995    0.28    4.03    0.07   -0.46   -1.25    0.12    1.38    0.20   -0.26    1.72   -2.85   -4.23           -0.10            1.98   -0.55    0.57   -0.46
1996   -3.91   -4.55   -4.30   -0.48    0.27    0.05   -2.47    0.08   -2.89    0.59    2.29   -4.55           -1.66           -4.23   -1.50   -0.78   -0.00
1997   -2.73    2.73    0.29   -3.15   -0.48    0.28   -0.87    0.97   -0.10   -1.95   -0.31    0.73           -0.38           -1.52   -1.11    0.13   -0.79
1998    2.66    4.29   -0.79    1.67    0.46    1.00   -1.12   -1.53   -0.01   -0.61   -4.37   -1.42            0.02            2.56    0.45   -0.55   -1.66
1999    1.96   -0.27    1.73    1.20   -1.00    0.88    1.40   -0.46    2.57   -0.11   -1.09    1.28            0.67            0.09    0.64    0.61    0.46
2000    0.48    3.28    0.81    3.44    1.26    0.78   -2.20   -0.02   -1.29    3.09    3.23    2.42            1.27            1.68    1.84   -0.48    1.68
2001    1.33    0.53   -0.38   -0.26    0.36   -1.54    1.34    1.01   -1.13    2.72   -0.70   -3.01            0.02            1.43   -0.09    0.27    0.30
2002    1.26    4.64    1.89    0.22    2.90    1.00    1.63    2.28   -0.15   -1.28    0.98   -4.72            0.89            0.96    1.67    1.64   -0.15
2003   -0.94   -3.68   -0.53   -1.05    1.72    1.66    1.00    1.00    0.48   -3.02    1.98    1.74            0.03           -3.11    0.05    1.22   -0.19
2004   -3.04    1.12    0.67    0.39   -1.59   -0.66   -1.01    0.87    0.13    1.39    0.43    2.04            0.06           -0.06   -0.18   -0.27    0.65
2005    2.52   -2.08   -2.51    0.46   -0.32   -0.43    0.96   -0.91    1.76    0.77   -0.14    0.26            0.03            0.83   -0.79   -0.13    0.80
2006   -5.44   -2.05   -3.35    0.37   -0.23    0.98    3.59   -0.46    2.49    2.16    2.66    4.51            0.44           -2.41   -1.07    1.37    2.44
2007    5.16    0.78    3.46    0.98    1.37    2.19    0.03    0.64   -0.42   -0.60   -1.40    0.83            1.08            3.48    1.94    0.95   -0.81
2008    3.04    3.96    0.92    0.39   -0.22    1.34    0.22    0.35   -0.62    0.97    1.73    1.64            1.14            2.61    0.36    0.64    0.69
2009   -1.03   -0.02    0.02    2.58   -0.42   -0.75    0.74    0.48    1.49   -1.50    2.39   -0.53            0.29            0.20    0.73    0.16    0.79
2010   -5.65   -1.00    0.32    0.39   -0.97    0.78    2.59    1.08   -0.95   -2.64    2.12   -4.90           -0.74           -2.39   -0.09    1.48   -0.49
2011    1.11   -2.76    0.23    2.22    0.22    1.82   -0.53    0.56    1.57   -0.02   -0.15    3.14            0.62           -2.18    0.89    0.62    0.47
2012    0.89   -5.14    1.93    0.84    1.14    0.29    1.21    0.51    0.95   -0.34    2.18   -1.91            0.21           -0.37    1.30    0.67    0.93
2013   -1.25    0.33   -4.66   -0.29    1.12    1.38    0.70    0.74   -1.15    1.54    1.98    2.87            0.28           -0.94   -1.28    0.94    0.79
2014   -0.03    3.41    3.53    1.88   -0.07   -0.35    2.27   -0.28    1.41    1.34    1.94    1.47            1.38            2.08    1.78    0.55    1.56
2015    3.00    1.68    2.16   -0.01   -0.82    0.16    0.83    3.64    1.42   -1.06    2.33    4.99            1.53            2.05    0.44    1.54    0.90
2016   -1.03    4.17    1.17    0.67    1.31    2.10    0.58   -0.05    2.28   -1.01   -0.12    1.55            0.97            2.71    1.05    0.88    0.38
2017   -2.05    0.66    3.11   -0.92    0.17    1.40   -0.29    1.10    0.24    1.36    1.40    2.76            0.75            0.05    0.78    0.74    1.00
2018    2.67   -2.44   -2.50    4.61    3.26    2.15    1.65    2.52    2.12    1.58    1.16    2.12            1.58            1.00    1.79    2.11    1.62
2019    0.12    3.71    2.90    1.59   -1.10    5.35    0.14    2.02    0.88    1.97    2.94    3.69            2.02            1.98    1.13    2.50    1.93